4,93,21
4,83,24
4,64,18
4,64,29
4,51,33
4,45,39
4,31,46
4,24,52
4,19,64
5,525,24
7,626,14
2,381,142
2,369,145
2,357,150
2,345,155
2,333,154
2,322,161
2,308,164
2,295,167
2,283,169
2,270,173
2,260,173
2,247,172
2,236,177
2,221,178
2,208,179
2,196,183
2,181,184
2,171,188
2,157,191
2,144,192
2,133,196
2,119,196
2,108,196
2,94,202
2,80,203
2,66,206
2,57,210
2,43,213
2,29,213
2,20,211
2,21,218
3,539,119
3,531,123
3,519,124
3,503,128
3,489,129
3,475,130
3,460,136
3,446,137
3,432,141
3,417,143
3,405,143
3,389,145
3,374,148
3,360,150
3,343,153
3,326,155
3,310,157
3,294,160
3,273,163
3,260,165
3,240,164
3,223,167
3,204,167
3,186,165
3,167,169
3,152,168
3,134,164
3,116,166
3,100,168
3,82,165
3,64,168
3,48,166
3,33,164
3,27,167
3,16,174
12,616,9
15,38,277
9,287,378
9,278,372
9,275,368
9,272,361
9,266,356
9,262,345
9,258,334
9,249,321
9,241,313
9,231,305
9,217,297
9,206,291
9,190,286
9,177,282
9,164,278
9,152,275
9,146,284
9,122,272
9,107,270
9,92,269
9,93,267
9,80,262
9,61,261
9,54,258
9,41,254
9,33,253
8,628,18
8,627,22
8,628,27
8,623,38
8,625,50
8,626,64
8,625,76
8,624,84
8,625,95
8,620,104
8,615,116
8,613,125
8,608,133
8,598,144
8,593,152
8,583,161
8,574,172
8,571,180
8,563,189
8,554,201
8,547,211
8,541,220
8,535,232
8,527,244
8,525,255
8,518,269
8,510,280
8,504,292
8,499,306
8,494,322
8,491,336
8,488,351
8,490,361
8,493,367
8,492,374
8,490,379
19,687,144
19,671,142
19,666,140
19,656,138
6,681,159
6,671,162
6,668,165
6,658,166
6,644,170
6,631,171
6,621,175
6,609,176
6,598,182
6,587,183
6,578,184
6,567,188
6,554,195
6,546,196
6,533,201
6,523,205
6,507,207
6,499,208
6,483,209
6,469,214
6,458,218
6,443,219
6,429,222
6,413,223
6,398,224
6,385,226
6,367,230
6,352,231
6,337,232
6,321,236
6,305,235
6,278,235
6,276,241
6,258,243
6,241,244
6,228,247
6,212,248
6,197,249
6,181,249
6,166,248
6,151,251
6,137,248
6,122,248
6,109,249
6,92,244
6,81,244
6,67,243
6,54,244
13,626,25
13,628,25
13,629,26
13,627,32
13,629,46
13,623,56
13,622,66
13,622,79
13,617,90
13,613,100
13,607,107
13,602,118
13,597,129
13,617,137
13,606,141
13,595,149
13,587,154
13,577,156
11,628,16
11,630,24
11,632,35
11,628,26
11,624,38
11,623,50
11,620,61
11,618,70
11,616,80
11,614,88
11,610,100
11,606,108
11,600,117
11,596,128
11,590,135
11,584,147
11,577,155
11,571,166
11,567,176
11,556,188
11,550,197
11,543,210
11,534,220
11,530,232
11,524,244
11,515,261
11,511,273
11,506,288
11,502,302
11,496,315
11,492,331
11,488,346
11,485,358
11,482,367
11,482,372
11,479,379
18,41,380
18,56,377
18,74,372
18,90,365
18,108,362
18,124,354
18,142,344
18,161,338
18,176,332
18,195,325
18,212,323
18,227,329
18,242,332
18,255,340
18,266,351
18,264,351
18,281,367
18,287,371
18,289,376
18,284,382
24,683,262
22,689,193
22,684,196
22,681,198
21,564,193
21,559,204
21,555,217
21,549,231
21,546,242
21,542,256
21,534,268
21,528,282
21,520,295
21,511,309
21,505,323
21,499,333
21,493,347
21,490,358
21,488,366
21,486,373
21,487,377
26,551,272
20,566,134
20,552,135
20,537,134
20,521,132
20,509,135
20,490,134
20,479,133
20,459,131
20,448,134
20,431,134
20,410,131
20,400,134
20,381,133
20,366,131
20,350,135
20,334,136
20,316,135
20,300,134
20,286,137
20,266,137
20,251,134
20,238,137
20,219,137
20,204,138
20,187,138
20,171,141
20,155,141
20,138,137
20,121,140
20,107,141
16,677,223
16,674,222
16,661,224
16,640,223
16,625,223
16,611,227
16,592,227
16,576,229
16,560,228
16,541,234
16,522,233
16,508,239
16,493,240
16,471,241
16,457,239
16,439,241
16,421,241
16,403,240
16,385,240
16,366,243
16,347,246
16,331,248
16,310,250
16,292,255
16,274,256
16,257,256
16,236,256
16,218,252
16,202,252
16,183,252
16,166,252
16,149,252
16,129,250
16,111,247
16,96,246
16,78,246
16,62,241
16,47,241
16,31,238
25,675,231
25,668,232
25,665,233
25,654,235
25,643,238
25,638,239
25,626,243
25,615,246
25,599,246
25,594,246
25,580,250
25,582,238
25,560,252
25,551,253
25,539,259
25,526,261
25,543,268
25,523,281
25,515,287
25,505,294
25,499,301
25,489,309
25,479,319
25,473,329
25,470,341
25,462,351
25,460,360
25,459,365
25,455,371
25,450,376
25,443,377
30,16,118
30,23,109
30,46,133
30,33,130
30,25,131
30,20,137
31,60,112
31,56,108
31,53,106
31,62,83
31,79,81
31,94,77
31,109,74
31,123,70
31,138,67
31,148,59
31,161,53
31,174,47
31,186,37
31,195,32
31,203,28
31,212,22
31,221,15
37,185,291
37,206,293
37,226,294
37,246,297
28,504,271
28,487,273
28,459,270
28,447,271
28,432,267
28,410,262
28,406,265
28,389,265
28,374,260
28,360,260
28,339,257
28,333,258
28,320,255
28,306,254
28,280,250
28,277,251
28,254,247
28,250,250
28,226,246
28,224,248
28,211,249
28,198,248
28,174,245
28,170,245
28,159,245
28,143,243
28,118,242
28,104,244
28,91,244
28,77,243
28,66,243
28,53,245
28,39,244
28,30,242
28,12,237
28,18,246
27,679,230
27,673,228
27,663,230
27,646,231
27,637,230
27,624,235
27,613,241
27,605,245
27,594,250
27,586,262
27,576,266
27,570,274
27,561,285
27,550,295
27,541,301
27,529,309
27,521,316
27,505,321
27,491,324
27,479,326
27,464,327
27,451,323
27,435,320
27,413,313
27,409,309
27,394,303
27,381,298
27,366,293
27,352,288
27,338,284
27,322,279
27,311,272
27,286,262
27,287,282
27,287,280
47,657,155
47,638,157
44,242,256
44,237,257
44,222,256
44,208,254
44,194,256
44,178,256
54,473,7
59,390,8
60,375,6
45,327,301
45,345,300
45,364,301
45,383,302
45,404,300
45,421,298
45,440,298
45,461,298
45,480,300
45,497,299
45,519,300
45,535,298
45,553,299
45,570,299
45,590,301
45,606,299
45,625,298
45,644,298
45,657,294
45,673,294
45,685,292
61,349,9
57,18,288
40,687,138
40,679,137
40,675,139
40,664,137
40,649,138
40,630,113
40,623,136
40,608,136
40,596,136
40,582,133
40,566,130
40,554,129
40,540,129
40,525,127
40,511,125
40,498,126
40,484,124
40,467,120
40,456,122
40,441,121
40,423,116
40,416,117
40,400,116
40,388,112
40,373,113
40,360,135
63,664,136
63,649,137
63,615,138
63,584,138
63,546,138
63,512,138
38,8,103
38,15,105
38,29,108
38,43,113
38,52,117
38,67,123
38,79,126
38,93,131
38,105,134
38,115,138
38,129,144
38,130,144
38,151,148
38,170,154
38,182,159
38,188,161
38,213,160
38,226,161
38,233,161
38,251,163
38,271,167
38,285,167
38,301,168
38,317,170
38,330,171
38,345,171
38,373,173
38,389,176
38,405,178
38,419,182
38,432,183
38,446,162
71,472,161
73,476,188
73,491,189
72,409,144
72,373,147
72,332,150
72,295,153
72,258,155
68,344,108
68,332,108
68,316,108
68,303,108
68,287,107
68,272,108
68,256,103
68,242,102
68,231,101
68,214,96
68,201,98
68,187,97
74,533,205
74,532,206
74,535,208
75,204,122
75,174,122
77,163,368
80,463,245
87,666,8
86,680,213
86,685,217
78,91,154
78,46,155
78,34,156
65,688,221
65,681,219
65,677,219
65,661,217
65,646,219
65,636,220
65,619,218
65,605,220
65,592,220
65,578,220
65,561,197
65,573,200
65,583,198
65,600,202
65,615,207
65,627,209
65,643,210
65,655,212
65,656,187
88,650,13
88,639,14
79,133,92
79,119,91
79,106,88
79,92,88
79,78,87
79,67,87
79,51,85
79,38,84
79,30,82
79,24,81
79,18,87
90,198,12
81,494,269
81,519,267
81,549,266
81,581,265
81,611,264
81,642,264
81,666,262
81,679,260
32,12,276
32,22,272
32,23,272
32,25,291
32,23,288
32,24,293
32,40,301
32,35,293
32,45,298
32,44,301
32,53,303
32,63,309
32,63,308
32,69,306
32,76,311
32,86,315
32,90,316
32,110,325
32,103,319
32,105,316
32,114,317
32,122,321
32,129,324
32,139,325
32,147,324
32,148,318
32,159,323
32,166,322
32,176,324
32,182,325
32,182,320
32,188,318
32,189,316
32,198,317
32,205,319
32,202,316
32,209,322
32,207,320
32,206,321
32,201,322
32,197,323
32,207,324
32,195,331
32,187,328
32,175,328
32,172,331
32,167,333
32,165,332
32,166,343
32,150,344
32,144,348
32,143,348
32,131,349
32,138,355
32,127,354
32,122,362
32,106,359
32,99,361
32,95,368
32,99,371
32,79,370
32,78,374
32,62,368
32,50,369
32,54,374
32,52,376
32,51,375
32,45,379
32,28,380
32,21,378
89,620,18
89,617,21
89,607,17
89,602,20
84,611,164
84,566,165
84,515,162
84,465,160
84,416,156
84,359,155
84,304,149
84,249,145
84,196,141
84,137,138
84,83,138
84,41,138
76,503,217
76,487,217
76,455,218
76,440,214
76,426,219
76,409,217
76,393,214
76,378,218
76,362,217
76,345,215
76,328,219
76,314,220
76,298,219
76,281,219
76,264,220
76,249,219
76,233,220
76,218,219
76,202,220
76,187,220
76,170,222
76,154,220
76,140,219
76,124,220
76,109,219
76,91,219
76,76,219
76,60,219
76,47,221
76,38,225
76,24,223
76,19,226
94,58,74
91,183,14
91,176,17
91,166,18
91,153,21
91,148,30
91,134,27
91,126,31
91,119,38
91,108,39
91,96,38
91,87,40
91,77,44
91,68,46
91,56,55
91,45,56
91,34,60
91,51,74
70,690,157
70,680,152
70,671,143
70,659,145
70,641,138
70,629,136
70,617,137
70,603,133
70,590,132
70,573,129
70,559,125
70,543,124
70,528,120
70,516,119
70,501,120
70,484,114
70,474,114
70,456,112
70,442,108
70,430,106
70,415,102
70,401,100
70,388,98
70,372,96
70,361,96
70,346,93
70,333,90
70,320,89
70,303,86
70,291,83
70,278,84
70,262,83
70,250,84
70,237,83
70,226,84
70,214,85
70,202,85
70,190,85
70,177,84
70,165,85
70,152,86
70,138,88
70,125,89
70,113,90
70,98,91
70,62,93
70,38,89
70,31,93
70,24,92
70,21,98
102,559,8
101,460,382
101,461,377
101,466,372
101,458,360
101,466,355
101,470,345
101,460,328
101,469,317
101,467,306
111,565,195
111,595,200
111,623,206
111,652,211
111,666,220
111,686,225
99,24,284
99,47,284
99,60,285
99,89,285
99,121,285
99,155,285
99,184,284
99,217,281
99,249,274
99,278,268
99,309,261
99,340,252
99,363,241
99,396,229
99,426,218
99,454,223
99,479,212
99,509,212
99,529,205
99,538,207
99,520,195
93,689,115
93,678,109
93,672,108
93,660,108
93,642,102
93,631,107
93,614,106
93,600,107
93,591,108
93,576,108
93,559,108
93,549,110
93,536,111
93,523,111
93,507,111
93,494,113
93,481,111
93,456,104
93,450,107
93,434,106
93,418,105
93,398,101
93,378,99
93,373,101
93,359,104
93,333,101
93,325,103
93,304,103
93,288,105
93,276,108
93,259,108
93,244,109
93,230,111
93,213,109
93,198,111
93,181,111
93,170,112
93,153,113
93,136,112
93,126,113
93,105,114
93,95,115
93,80,118
93,66,117
93,52,120
93,32,126
93,27,124
93,17,125
108,570,45
108,575,54
108,575,59
108,574,70
108,576,68
108,582,76
108,582,81
108,573,96
108,570,95
108,561,101
108,559,110
108,550,111
108,544,115
108,534,119
108,526,118
108,520,123
108,511,125
108,500,128
108,466,143
108,451,150
108,445,152
115,194,11
113,412,157
98,677,158
98,664,157
98,656,156
98,641,158
98,626,156
98,616,158
98,603,157
98,590,156
98,581,157
98,565,156
98,552,154
98,540,152
98,525,152
98,513,152
98,499,149
98,485,149
98,473,149
98,458,152
98,442,149
98,432,151
98,417,149
98,401,150
98,391,151
98,374,150
98,363,148
98,350,154
98,334,153
98,323,152
98,318,157
98,293,154
98,283,151
98,265,152
98,251,153
98,241,150
98,224,152
98,210,149
98,200,147
98,184,145
98,170,149
98,161,145
98,143,146
98,130,145
98,120,145
98,103,143
98,94,147
98,81,146
98,65,143
98,56,145
98,44,144
98,30,144
98,24,146
98,16,144
110,498,219
110,501,210
110,508,204
110,509,203
110,530,194
110,537,181
110,540,184
110,544,177
110,551,171
110,554,163
110,560,154
110,563,146
110,572,139
110,573,130
110,578,119
110,582,113
110,589,107
110,593,97
110,601,85
110,603,82
110,610,70
110,614,69
110,618,59
110,621,55
110,629,43
110,631,41
110,638,30
110,638,28
124,633,13
123,30,383
112,30,258
112,47,258
112,78,258
112,114,257
112,150,257
112,187,257
112,225,258
112,268,258
112,303,261
112,340,260
112,378,259
112,412,259
112,449,258
126,18,384
116,185,16
116,183,27
116,179,32
116,169,38
116,159,45
116,149,50
116,134,56
116,127,61
116,112,67
116,102,70
116,89,75
116,84,83
116,68,83
116,59,89
116,46,93
116,32,100
116,30,105
116,23,109
116,11,120
120,363,179
120,350,188
120,345,189
120,334,195
120,328,196
120,320,203
120,316,206
120,307,209
120,301,218
120,294,224
120,288,227
120,286,246
120,282,257
120,278,258
120,276,271
120,273,278
107,562,15
107,551,17
107,545,40
107,533,53
107,530,62
107,530,69
107,523,71
107,515,77
107,514,82
107,509,83
107,504,86
107,496,89
107,489,91
107,485,95
107,476,97
107,488,109
107,463,104
107,471,119
107,449,109
107,456,119
107,434,112
107,440,127
107,419,115
107,424,132
107,403,120
107,409,139
107,386,127
107,391,140
107,381,141
107,373,150
107,363,151
107,355,150
107,339,142
107,342,157
107,325,144
107,315,146
107,304,147
107,296,146
107,287,150
107,279,151
107,270,153
107,262,155
107,258,155
107,248,160
107,242,159
107,232,159
107,226,159
107,220,161
107,214,160
107,209,160
107,204,164
107,199,164
107,193,167
107,190,171
128,176,164
128,177,169
128,172,194
128,180,206
128,187,212
128,191,219
128,194,228
128,200,236
125,626,20
125,632,25
125,627,37
125,618,48
125,613,68
125,610,78
125,606,89
125,603,92
125,598,109
125,592,123
125,588,129
125,579,142
125,578,152
125,574,159
125,574,162
125,565,186
125,561,195
125,552,212
125,552,220
125,545,226
125,533,250
125,527,263
125,523,281
125,516,289
125,506,306
125,503,319
125,497,338
125,490,352
125,488,362
125,484,368
117,408,378
117,403,372
117,398,363
117,396,355
117,396,350
117,394,340
117,391,329
117,387,315
117,389,309
117,386,293
117,384,286
117,378,272
117,379,265
117,373,251
117,369,248
117,362,234
117,355,225
117,349,215
117,343,207
117,333,202
117,327,194
117,319,187
117,311,178
117,304,172
117,297,162
117,290,157
117,284,150
117,278,142
117,271,136
117,266,130
117,262,123
117,256,115
117,251,107
117,246,101
117,242,94
117,238,89
117,235,82
117,228,78
117,225,71
117,218,63
117,216,60
117,206,49
117,204,33
136,42,378
133,263,303
133,257,318
133,255,327
133,253,341
133,249,348
133,245,357
133,243,359
133,243,370
133,244,376
127,440,379
127,434,371
127,431,366
127,427,353
127,423,337
127,417,315
127,414,306
127,405,282
127,397,269
127,391,257
127,376,236
127,365,226
127,356,218
127,338,208
127,330,201
127,314,195
127,303,192
127,292,186
127,277,178
127,265,172
127,249,163
127,239,159
127,225,155
127,207,148
127,196,145
127,171,156
127,162,158
127,149,158
127,130,161
127,122,161
127,102,163
127,80,143
127,48,143
127,35,139
127,22,140
127,14,141
137,105,187
139,77,181
138,47,381
138,54,376
131,198,252
131,189,249
131,179,249
131,174,254
131,159,249
131,150,248
131,138,245
131,126,241
131,119,236
131,108,227
131,96,226
131,86,205
131,68,208
131,59,210
131,48,209
131,35,211
131,26,212
131,20,213
131,21,212
131,9,217
129,386,378
129,378,373
129,373,368
129,361,353
129,353,334
129,344,317
129,328,299
129,323,285
129,310,262
129,304,252
129,295,234
129,283,219
129,277,208
129,267,194
129,258,185
129,253,175
129,242,158
129,235,151
129,229,139
129,220,124
129,211,115
129,205,109
129,194,98
129,186,94
129,176,83
129,166,72
129,158,71
129,147,64
129,140,56
129,131,50
129,123,42
129,115,33
129,105,20
141,94,14
130,683,203
130,675,198
130,657,197
130,638,198
130,620,195
130,597,193
130,579,193
130,563,186
130,539,186
130,518,180
130,503,176
130,481,173
130,458,169
130,443,164
130,421,161
130,397,158
130,383,156
130,364,158
130,339,158
130,322,155
130,305,158
130,283,157
130,262,157
130,246,158
130,222,158
130,203,156
130,185,158
130,161,157
130,144,156
130,127,156
130,109,152
130,85,150
130,70,153
130,55,149
130,35,146
130,20,146
130,16,150
144,347,13
140,685,220
140,677,219
140,661,217
140,648,217
140,629,216
140,617,215
140,599,214
140,580,214
140,567,212
140,551,213
140,533,215
140,519,213
140,498,213
140,482,215
140,467,215
140,445,214
140,433,216
140,412,217
140,397,214
140,381,214
140,361,214
140,344,213
140,326,214
140,308,215
140,294,213
140,275,214
140,257,215
140,242,213
140,224,211
140,208,210
140,190,209
140,176,208
140,158,207
140,141,211
140,127,209
140,108,208
140,90,212
140,78,211
140,55,211
140,40,214
140,27,212
140,15,215
142,263,379
142,258,369
142,253,359
142,243,347
142,235,336
142,225,324
142,211,310
142,197,300
142,185,290
142,168,284
142,155,283
142,140,278
142,123,274
142,110,275
142,95,269
142,77,263
142,60,260
142,47,258
142,28,256
142,20,258
146,321,24
146,309,35
146,291,45
146,279,50
146,265,57
146,245,62
146,232,69
146,216,73
146,198,75
146,185,80
146,166,82
146,147,83
146,135,85
146,112,88
146,96,92
146,84,95
146,63,98
146,48,102
146,30,102
146,17,105
143,683,226
143,677,228
143,656,227
143,644,226
143,628,228
143,606,230
143,592,230
143,571,230
143,555,228
143,539,229
143,518,228
143,509,228
143,485,226
143,472,225
143,456,226
143,435,225
143,423,225
143,402,224
143,387,223
143,365,222
143,348,223
143,335,223
143,308,220
143,296,222
143,276,220
143,260,218
143,243,218
143,222,217
143,208,217
143,186,216
143,171,217
143,155,219
143,134,219
143,120,221
143,96,223
143,86,223
143,64,223
143,35,211
143,31,209
143,17,218
148,687,117
148,680,115
148,673,114
148,657,114
148,646,112
148,634,109
148,618,105
148,607,105
148,593,100
148,577,97
148,566,96
148,552,88
148,539,81
148,531,75
148,517,67
148,509,58
148,502,51
148,492,38
148,487,27
148,484,16
149,60,368
149,64,363
149,66,363
149,74,366
149,78,355
149,72,352
149,77,355
149,80,349
149,80,340
149,95,327
149,104,328
149,109,327
149,115,326
149,121,328
149,133,327
149,135,323
149,144,325
149,147,323
149,158,323
149,165,325
149,170,325
149,173,324
150,367,378
150,379,375
150,394,364
150,408,354
150,424,343
150,442,337
150,459,328
150,474,320
150,495,315
150,515,310
150,531,307
150,548,306
150,568,298
150,587,297
150,602,295
150,621,293
150,640,290
150,656,288
150,672,288
150,683,286
151,681,146
151,677,142
151,659,137
151,641,130
151,629,125
151,612,117
151,601,113
151,583,105
151,571,101
151,556,95
151,540,89
151,529,83
151,512,77
151,494,71
151,483,67
151,469,57
151,456,53
151,446,36
151,435,19
154,175,10
152,35,197
152,51,205
152,66,211
152,80,214
152,103,217
152,117,221
152,129,221
152,149,222
152,171,226
152,184,226
152,199,228
152,219,229
152,237,232
152,253,234
152,271,236
152,290,238
152,305,241
152,324,244
152,345,246
152,362,249
152,379,252
152,398,254
152,419,256
152,434,257
152,455,256
152,475,258
152,490,255
152,511,254
152,527,253
152,544,254
152,561,255
152,580,257
152,596,257
152,613,258
152,632,261
152,651,261
152,670,256
152,681,259
153,175,329
153,174,318
153,170,326
153,164,335
153,164,338
153,153,349
153,151,350
153,151,359
153,140,360
153,133,359
153,132,362
153,111,363
153,112,365
153,101,369
153,96,370
153,94,370
153,79,374
153,74,376
153,76,380
153,65,376
153,57,380
153,59,381
153,49,380
156,142,20
156,130,25
156,122,31
156,108,27
156,102,31
156,81,35
156,74,38
156,60,38
156,48,47
156,39,50
156,24,58
156,22,62
156,12,76
158,25,382
159,257,373
159,246,356
159,231,336
159,218,315
159,203,299
159,187,282
159,172,269
159,157,258
159,140,248
159,127,240
159,109,231
159,92,221
159,80,213
159,63,204
159,51,197
159,39,189
159,23,179
159,11,171
160,8,280
160,28,279
160,26,276
160,44,276
160,53,280
160,71,279
160,91,282
160,99,283
160,115,286
160,132,287
160,147,289
160,160,292
160,172,293
160,190,301
160,202,310
160,217,317
160,230,330
160,240,344
160,250,356
160,255,366
160,262,376
165,16,382
164,324,35
164,321,42
164,318,52
164,314,53
164,310,66
164,307,71
164,299,84
164,291,87
164,280,92
164,271,101
164,257,103
164,243,105
164,232,110
164,215,112
164,208,112
164,191,115
164,177,117
164,164,116
164,147,117
164,135,120
164,121,123
164,110,123
164,96,126
164,82,131
164,73,132
164,52,132
164,43,135
164,29,135
164,19,135
164,12,140
166,26,380
166,28,380
166,33,378
166,42,377
166,51,375
166,62,374
166,76,370
166,76,368
166,89,366
166,98,361
166,102,360
166,116,356
166,118,349
166,127,348
166,136,343
166,140,342
166,150,337
166,158,334
166,167,334
166,177,331
166,180,330
166,182,333
166,180,331
166,176,331
162,680,159
162,676,160
162,661,161
162,649,162
162,636,161
162,622,161
162,612,159
162,595,158
162,585,160
162,569,158
162,553,155
162,543,155
162,526,152
162,513,147
162,501,148
162,483,145
162,469,144
162,457,144
162,437,143
162,426,141
162,410,140
162,395,138
162,382,138
162,365,136
162,350,134
162,337,132
162,321,128
162,306,125
162,292,123
162,279,116
162,264,114
162,252,108
162,240,101
162,227,96
162,215,89
162,205,82
162,193,73
162,184,65
162,176,56
162,167,47
162,161,34
162,151,19
162,149,15
170,168,333
172,685,278
173,674,282
173,666,288
173,654,292
169,350,384
169,363,380
169,375,375
169,392,370
169,398,370
169,409,365
169,416,362
169,424,357
169,435,345
169,443,337
169,454,333
169,465,319
169,477,314
169,485,307
169,500,295
169,514,291
169,524,282
169,542,279
169,550,275
169,564,273
167,623,22
167,622,34
167,608,69
167,601,78
167,594,87
167,585,89
167,573,98
167,566,105
167,555,108
167,539,112
167,534,114
167,517,119
167,505,123
167,494,126
167,481,133
167,469,134
167,455,137
167,442,143
167,429,145
167,414,149
167,401,152
167,386,155
167,368,155
167,355,155
167,339,159
167,327,159
167,310,161
167,292,162
167,280,163
167,264,164
167,244,170
167,233,172
167,216,176
167,198,182
167,186,182
167,166,185
167,152,192
167,139,195
167,116,197
167,107,205
167,91,211
167,75,219
167,59,220
167,42,225
167,30,231
167,27,234
174,609,278
174,612,279
174,619,280
174,638,262
174,655,262
174,664,260
174,674,262
174,679,262
177,122,13
177,119,15
177,104,20
177,99,26
177,86,30
177,76,30
177,64,37
177,52,46
177,37,49
177,26,50
177,24,59
177,16,67
168,682,214
168,678,227
168,667,226
168,656,227
168,636,227
168,620,223
168,607,224
168,591,227
168,577,226
168,559,225
168,538,226
168,528,225
168,511,225
168,495,228
168,476,230
168,467,227
168,449,229
168,425,229
168,416,227
168,395,227
168,375,229
168,367,232
168,343,229
168,325,230
168,312,231
168,291,230
168,271,229
168,258,230
168,240,231
168,221,230
168,207,233
168,192,232
168,175,230
168,158,232
168,143,232
168,125,231
168,106,234
168,92,237
168,75,236
168,57,238
168,43,239
168,34,238
168,25,240
168,17,247
178,588,311
178,574,308
178,561,309
178,541,312
178,531,315
178,515,316
178,504,324
178,493,334
178,484,343
178,480,354
181,679,242
181,641,256
179,28,166
179,45,166
179,80,166
179,120,164
179,162,162
179,205,161
179,245,160
179,287,161
179,328,161
179,371,165
179,416,166
179,455,167
179,492,170
179,535,169
179,573,172
179,609,173
179,647,179
179,669,185
183,471,379
171,687,135
171,682,132
171,672,130
171,659,129
171,647,126
171,635,125
171,620,126
171,608,122
171,596,123
171,585,120
171,569,118
171,558,120
171,544,117
171,531,115
171,518,117
171,504,114
171,491,113
171,478,114
171,461,114
171,453,115
171,439,113
171,425,115
171,410,115
171,399,115
171,384,111
171,370,112
171,355,110
171,342,112
171,330,107
171,314,107
171,299,107
171,288,105
171,272,104
171,259,101
171,244,99
171,230,99
171,216,97
171,203,98
171,188,92
171,175,95
171,161,93
171,146,89
171,132,91
171,121,87
171,106,89
171,95,89
171,85,86
171,73,86
171,59,83
171,47,85
171,33,84
171,26,85
171,20,84
171,16,86
182,607,284
182,589,280
182,576,281
182,561,284
182,543,280
182,530,280
182,513,277
182,489,268
182,483,270
182,466,267
182,448,261
182,436,259
194,201,8
189,414,244
191,685,107
180,685,285
180,675,261
180,669,261
180,654,283
180,654,257
180,646,242
180,635,238
180,622,242
180,610,242
180,597,243
180,585,245
180,574,246
180,560,243
180,551,246
180,535,244
180,519,238
180,511,240
180,500,238
180,484,234
180,475,238
180,467,238
180,457,240
180,450,244
180,430,258
180,401,256
180,390,260
188,412,242
188,404,237
188,396,235
190,381,225
190,373,195
190,367,188
190,366,181
190,355,167
186,170,331
186,177,330
186,185,327
186,180,321
186,188,324
186,180,324
186,180,324
186,180,334
186,170,338
186,178,343
186,170,349
186,165,353
186,171,359
186,169,367
186,157,368
186,168,373
186,159,376
198,146,380
198,143,378
198,139,383
200,276,22
200,275,16
200,274,11
203,121,383
202,25,19
202,26,29
187,322,244
187,295,234
187,288,235
187,274,237
187,258,232
187,243,235
187,225,236
187,210,235
187,195,232
187,182,232
187,163,231
187,150,231
187,135,231
187,118,225
187,105,225
187,90,228
187,76,223
187,60,222
187,44,221
187,33,219
187,26,219
187,19,226
199,682,275
193,486,377
193,488,373
193,489,365
193,489,352
193,490,342
193,495,330
193,505,320
193,512,312
193,526,305
193,536,295
193,544,288
193,559,283
193,569,276
193,580,270
193,592,264
193,603,255
210,87,384
195,198,9
195,182,12
195,179,13
195,168,11
195,158,19
195,145,25
195,135,22
195,130,32
195,122,33
195,109,33
195,99,36
195,88,37
195,78,38
195,68,40
195,56,47
195,52,46
195,44,50
195,41,56
195,31,60
195,28,69
195,19,66
195,16,88
184,481,374
184,483,371
184,482,364
184,485,354
184,483,344
184,486,331
184,493,320
184,497,310
184,508,304
184,515,296
184,524,288
184,526,283
184,538,277
184,543,271
184,556,267
184,559,261
184,574,260
184,582,257
184,589,254
184,602,251
184,609,248
184,621,244
184,631,244
184,648,258
184,661,261
184,640,262
184,624,266
211,90,384
206,641,233
204,678,232
204,651,225
204,658,218
204,670,214
204,678,206
204,681,201
213,90,379
205,609,297
205,594,300
205,579,299
205,564,305
205,546,311
205,534,312
205,520,321
185,686,104
185,678,101
185,674,119
185,668,117
185,658,123
185,658,121
185,646,120
185,642,123
185,635,122
185,624,122
185,612,124
185,601,122
185,588,121
185,579,123
185,567,124
185,559,126
185,546,126
185,534,127
185,525,126
185,511,129
185,502,128
185,491,129
185,478,126
185,464,127
185,450,125
185,436,126
185,422,122
185,410,117
185,406,117
185,387,115
185,373,112
185,361,112
185,350,110
221,554,117
221,542,120
221,529,124
225,92,18
225,90,22
225,83,25
225,59,20
225,60,31
225,52,35
225,43,41
225,29,48
225,23,54
225,17,66
228,525,26
230,626,14
196,476,373
196,480,369
196,484,352
196,485,338
196,490,323
196,491,309
196,497,291
196,499,272
196,502,255
196,505,236
196,501,219
196,501,208
196,498,193
196,498,181
196,497,166
196,496,155
196,492,142
196,491,139
196,501,127
196,486,129
196,473,132
196,457,136
196,443,137
196,431,141
196,414,142
196,401,142
196,387,146
196,371,148
196,357,150
196,341,152
196,323,154
196,305,158
196,291,161
196,272,162
196,254,164
196,238,165
196,218,166
196,200,167
196,183,166
196,164,168
196,148,168
196,131,166
196,113,166
196,96,167
196,79,166
196,61,167
196,44,167
196,31,165
196,23,168
226,389,142
226,377,143
226,367,147
226,355,153
226,341,154
226,330,155
226,318,160
226,305,166
226,293,166
226,281,170
226,268,173
226,256,174
226,233,169
226,231,178
226,218,179
226,206,178
226,194,185
226,181,185
226,167,188
226,154,191
226,143,192
226,131,195
226,117,195
226,103,197
226,91,202
226,79,203
226,66,207
226,52,210
226,40,213
226,33,213
226,28,215
226,19,220
235,617,9
235,621,13
232,284,384
232,290,377
232,277,370
232,274,366
232,272,359
232,265,353
232,261,340
232,257,331
232,246,318
232,238,310
232,228,303
232,205,295
232,203,291
232,190,286
232,174,281
232,162,278
232,148,274
232,134,273
232,120,271
232,104,268
232,94,272
232,79,262
232,66,261
232,51,258
232,39,237
232,35,252
231,629,21
231,627,25
231,627,26
231,624,42
231,626,53
231,626,65
231,625,78
231,624,86
231,624,95
231,619,107
231,614,116
231,610,128
231,607,136
231,598,146
231,592,154
231,584,164
231,574,172
231,570,181
231,560,191
231,552,201
231,548,211
231,541,222
231,535,234
231,526,246
231,523,259
231,517,273
231,509,281
231,505,296
231,498,308
231,492,324
231,491,338
231,489,353
231,487,360
231,495,370
231,492,373
231,490,381
241,686,143
241,670,142
241,662,140
241,652,138
229,680,160
229,677,163
229,666,166
229,655,168
229,644,170
229,631,172
229,621,177
229,608,179
229,595,184
229,585,184
229,574,183
229,565,189
229,552,195
229,545,197
229,530,202
229,519,205
229,505,208
229,495,208
229,483,212
229,459,211
229,454,218
229,441,220
229,426,222
229,410,224
229,396,224
229,380,225
229,363,231
229,350,231
229,332,232
229,317,235
229,302,236
229,275,236
229,271,242
229,255,243
229,230,242
229,223,247
229,210,249
229,194,249
229,177,249
229,162,252
229,153,251
229,133,248
229,120,249
229,106,249
229,91,246
229,77,246
229,56,241
229,50,243
236,628,27
236,627,25
236,629,28
236,626,38
236,628,48
236,622,61
236,623,70
236,622,79
236,617,91
236,612,102
236,607,111
236,601,122
236,597,130
236,615,138
236,603,142
236,595,150
236,584,154
236,574,157
234,628,17
234,628,21
234,631,28
234,628,28
234,627,42
234,621,53
234,620,63
234,617,73
234,615,82
234,615,91
234,609,99
234,603,110
234,598,119
234,596,128
234,590,137
234,581,148
234,578,157
234,571,167
234,562,179
234,556,186
234,549,199
234,542,212
234,533,222
234,528,235
234,523,248
234,513,262
234,510,276
234,505,291
234,501,305
234,495,319
234,491,334
234,488,349
234,485,361
234,484,367
234,480,370
234,479,379
240,42,380
240,59,376
240,76,372
240,94,365
240,114,361
240,129,351
240,146,342
240,165,338
240,178,330
240,198,324
240,215,324
240,230,330
240,246,334
240,257,343
240,268,351
240,278,361
240,283,367
240,286,374
240,288,380
246,685,260
246,681,262
244,689,190
244,678,196
244,679,203
243,563,196
243,558,208
243,554,221
243,549,233
243,545,245
243,540,259
243,533,270
243,526,286
243,519,299
243,511,310
243,503,325
243,497,339
243,493,349
243,490,360
243,488,366
243,487,374
243,486,376
243,479,380
248,562,272
248,543,274
251,502,274
242,563,135
242,549,135
242,536,135
242,518,133
242,506,135
242,486,134
242,473,134
242,458,133
242,441,133
242,429,134
242,409,132
242,397,134
242,379,134
242,363,131
242,347,137
242,328,137
242,315,135
242,297,135
242,281,137
242,266,137
242,249,134
242,233,138
242,215,137
242,200,138
242,183,139
242,168,141
242,152,141
242,135,137
242,118,140
242,104,141
239,687,224
239,676,223
239,669,223
239,656,224
239,640,223
239,621,223
239,605,227
239,590,228
239,571,229
239,555,231
239,540,235
239,520,233
239,504,239
239,490,240
239,468,240
239,452,240
239,436,241
239,417,241
239,398,240
239,379,240
239,362,243
239,342,246
239,325,248
239,307,252
239,288,256
239,271,256
239,252,257
239,233,256
239,216,253
239,197,252
239,180,252
239,163,251
239,144,252
239,126,251
239,107,246
239,92,246
239,75,246
239,59,241
239,43,241
239,35,239
247,676,232
247,666,232
247,664,233
247,653,234
247,641,239
247,637,240
247,623,244
247,611,246
247,599,247
247,593,246
247,588,239
247,581,238
247,558,253
247,548,256
247,538,259
247,547,262
247,538,269
247,522,280
247,511,288
247,503,296
247,496,304
247,487,312
247,477,320
247,472,332
247,469,341
247,460,351
247,459,361
247,456,366
247,455,372
247,449,374
247,440,381
252,20,117
252,25,106
252,44,133
252,32,130
252,25,131
252,18,137
253,60,110
253,53,108
253,53,106
253,67,83
253,82,81
253,97,77
253,111,72
253,124,69
253,138,65
253,151,58
253,163,52
253,176,43
253,188,37
253,196,31
253,204,26
253,212,19
253,207,14
257,241,7
259,192,292
259,211,293
259,229,294
259,249,298
250,492,266
250,485,273
250,457,270
250,444,271
250,430,267
250,406,263
250,402,265
250,387,263
250,363,260
250,358,260
250,343,258
250,332,258
250,315,256
250,304,255
250,287,254
250,275,250
250,253,248
250,247,247
250,234,250
250,222,249
250,208,248
250,195,248
250,184,249
250,165,244
250,155,246
250,116,243
250,102,245
250,79,241
250,76,243
250,65,244
250,47,244
250,35,244
250,27,242
250,23,244
250,18,250
249,685,233
249,680,228
249,669,229
249,661,230
249,646,231
249,634,231
249,624,237
249,608,242
249,605,247
249,590,255
249,583,261
249,575,270
249,566,277
249,559,287
249,546,297
249,539,304
249,527,311
249,515,322
249,503,322
249,486,321
249,478,327
249,461,326
249,448,322
249,433,319
249,418,314
249,407,309
249,392,302
249,379,297
249,364,291
249,349,284
249,335,284
249,310,274
249,307,271
249,279,281
249,286,282
249,289,280
269,647,157
269,637,156
266,238,255
266,233,257
266,220,257
266,205,255
266,191,255
276,473,7
282,373,6
267,329,300
267,349,299
267,367,301
267,388,302
267,407,299
267,428,299
267,443,298
267,463,298
267,486,300
267,502,299
267,521,299
267,539,298
267,556,299
267,572,299
267,594,300
267,609,298
267,628,298
267,647,297
267,661,294
267,674,294
267,686,292
283,348,6
284,341,7
279,20,287
288,509,13
262,685,137
262,679,139
262,673,140
262,662,136
262,643,114
262,626,114
262,622,136
262,605,137
262,594,136
262,580,133
262,564,129
262,551,129
262,536,127
262,522,127
262,511,125
262,496,125
262,481,123
262,467,121
262,453,122
262,438,121
262,424,118
262,413,116
262,396,117
262,384,112
262,370,112
262,361,135
285,684,138
285,668,136
285,644,138
285,609,138
285,574,138
285,541,138
285,507,138
260,14,112
260,22,105
260,14,103
260,32,110
260,45,114
260,56,117
260,70,125
260,81,126
260,94,131
260,107,135
260,117,138
260,130,145
260,145,149
260,147,149
260,172,154
260,186,158
260,199,161
260,215,160
260,229,162
260,241,161
260,257,163
260,260,164
260,288,168
260,305,169
260,319,172
260,334,172
260,348,171
260,377,174
260,391,177
260,407,180
260,422,181
260,435,183
260,446,163
293,469,161
295,477,186
295,495,191
294,402,144
294,362,148
294,327,150
294,287,154
290,342,108
290,328,108
290,315,108
290,300,106
290,284,107
290,269,108
290,255,103
290,240,102
290,227,101
290,213,98
290,197,98
296,531,205
296,532,206
296,532,206
296,532,208
297,199,123
297,168,122
299,158,370
302,468,245
309,662,8
308,676,215
308,684,222
300,123,159
300,83,155
300,46,155
300,25,157
287,689,220
287,677,220
287,675,218
287,659,218
287,644,219
287,633,218
287,617,219
287,603,220
287,590,219
287,575,220
287,562,199
287,578,200
287,589,203
287,604,202
287,618,206
287,629,211
287,648,211
287,660,190
310,647,12
310,636,13
301,143,94
301,129,91
301,117,89
301,100,88
301,92,88
301,78,87
301,61,87
301,49,84
301,34,83
301,30,82
301,22,81
301,18,89
303,498,268
303,527,267
303,555,265
303,586,265
303,616,264
303,670,262
254,16,276
254,14,284
254,36,293
254,26,296
254,27,294
254,47,304
254,36,294
254,44,301
254,47,301
254,54,303
254,64,308
254,65,306
254,71,308
254,76,312
254,89,317
254,90,316
254,99,320
254,106,322
254,106,315
254,116,317
254,124,322
254,143,331
254,137,323
254,146,323
254,148,320
254,160,319
254,169,322
254,181,327
254,175,318
254,185,319
254,187,316
254,191,316
254,203,318
254,206,319
254,205,316
254,207,320
254,203,317
254,200,321
254,196,323
254,198,325
254,199,331
254,179,327
254,178,332
254,172,334
254,165,334
254,172,334
254,167,343
254,146,346
254,138,344
254,142,349
254,127,351
254,121,350
254,127,361
254,121,361
254,103,357
254,100,363
254,91,367
254,99,368
254,80,371
254,73,376
254,66,374
254,52,370
254,54,375
254,59,374
254,49,375
254,40,380
254,26,379
254,23,380
311,621,16
311,612,18
311,607,20
311,607,18
311,603,17
311,603,21
306,598,164
306,564,165
306,505,162
306,455,159
306,403,156
306,351,153
306,294,148
306,239,144
306,186,141
306,127,138
306,69,138
306,47,138
319,690,159
298,499,216
298,482,216
298,453,218
298,436,215
298,423,219
298,406,216
298,390,214
298,374,217
298,357,216
298,342,215
298,326,220
298,311,219
298,295,219
298,278,219
298,262,220
298,246,219
298,229,220
298,216,219
298,199,219
298,184,223
298,169,222
298,150,219
298,137,220
298,120,219
298,105,219
298,89,219
298,73,218
298,58,220
298,43,222
298,35,225
298,26,222
298,16,227
313,182,16
313,174,16
313,163,21
313,154,24
313,145,26
313,133,27
313,125,28
313,118,37
313,107,36
313,95,41
313,84,40
313,74,46
313,68,47
313,55,55
313,43,58
313,33,61
313,49,77
292,690,156
292,681,151
292,666,143
292,657,143
292,638,138
292,627,135
292,615,138
292,596,133
292,586,130
292,569,128
292,556,124
292,542,123
292,526,119
292,512,119
292,498,120
292,481,114
292,468,113
292,455,112
292,440,107
292,427,105
292,412,102
292,396,102
292,389,99
292,370,96
292,358,94
292,343,92
292,330,90
292,316,87
292,302,86
292,287,84
292,275,84
292,261,83
292,248,84
292,234,82
292,219,83
292,211,84
292,199,82
292,188,85
292,175,85
292,161,84
292,148,86
292,136,88
292,123,89
292,109,90
292,45,89
292,42,89
292,34,93
292,24,93
292,20,98
324,567,14
328,563,14
323,460,380
323,461,376
323,466,370
323,467,363
323,464,351
323,469,342
323,460,326
323,467,314
333,571,196
333,601,201
333,630,207
333,656,213
333,660,218
321,14,290
321,30,283
321,42,285
321,65,285
321,97,285
321,125,285
321,159,285
321,190,284
321,223,279
321,254,273
321,285,268
321,315,260
321,345,252
321,371,239
321,401,229
321,428,216
321,460,217
321,485,211
321,514,203
321,533,203
321,518,197
315,688,113
315,676,110
315,667,109
315,656,108
315,640,104
315,625,106
315,612,107
315,600,107
315,587,107
315,572,108
315,559,110
315,548,110
315,532,109
315,519,109
315,505,111
315,491,112
315,481,111
315,454,102
315,446,106
315,432,106
315,414,105
315,401,104
315,384,103
315,362,99
315,352,104
315,331,102
315,318,101
315,301,104
315,284,106
315,274,108
315,261,108
315,240,108
315,227,110
315,209,111
315,195,111
315,178,112
315,163,111
315,150,114
315,133,111
315,125,114
315,106,115
315,87,116
315,77,118
315,62,118
315,47,120
315,32,127
315,28,124
315,12,126
330,570,48
330,574,54
330,575,61
330,577,66
330,578,72
330,581,77
330,580,84
330,572,96
330,567,101
330,561,101
330,556,111
330,550,112
330,542,114
330,533,120
330,524,121
330,518,124
330,507,126
330,483,136
330,465,143
330,452,150
320,684,157
320,676,159
320,661,157
320,651,156
320,638,158
320,624,155
320,613,154
320,600,156
320,585,155
320,575,154
320,564,157
320,552,154
320,537,150
320,522,153
320,510,152
320,499,149
320,482,151
320,470,150
320,456,150
320,439,149
320,428,152
320,415,149
320,398,150
320,389,151
320,372,149
320,359,150
320,349,155
320,331,154
320,319,152
320,316,156
320,290,153
320,277,151
320,264,153
320,249,152
320,235,150
320,225,151
320,207,149
320,195,146
320,181,147
320,168,147
320,156,144
320,144,147
320,128,146
320,118,145
320,102,145
320,89,146
320,80,145
320,64,145
320,52,145
320,49,146
320,29,145
320,22,146
320,16,146
341,18,383
344,26,382
332,497,218
332,501,208
332,510,203
332,510,202
332,512,203
332,533,196
332,535,189
332,540,184
332,546,174
332,552,171
332,555,159
332,560,152
332,563,145
332,570,135
332,574,126
332,579,117
332,587,109
332,590,105
332,594,95
332,602,83
332,605,83
332,609,76
332,615,67
332,617,62
332,621,55
332,629,41
332,633,37
332,639,29
345,31,385
334,37,258
334,47,258
334,85,257
334,121,256
334,157,257
334,198,258
334,232,258
334,274,259
334,310,261
334,346,260
334,384,259
334,420,259
338,185,20
338,183,29
338,176,34
338,167,40
338,154,47
338,147,52
338,131,56
338,123,62
338,113,67
338,102,71
338,89,75
338,79,84
338,67,85
338,53,91
338,44,96
338,32,101
338,24,104
338,22,109
338,10,121
342,348,188
342,344,190
342,339,197
342,328,198
342,321,203
342,314,206
342,305,214
342,302,217
342,293,224
342,285,246
342,285,245
342,280,263
342,275,274
329,552,12
329,552,15
329,553,21
329,549,19
329,544,40
329,538,55
329,534,54
329,530,63
329,529,71
329,523,72
329,515,77
329,514,82
329,506,84
329,502,90
329,495,92
329,490,93
329,481,96
329,474,97
329,472,104
329,462,105
329,469,120
329,460,118
329,455,120
329,432,113
329,438,127
329,417,114
329,414,120
329,416,135
329,408,140
329,386,127
329,390,141
329,380,143
329,370,150
329,362,150
329,356,152
329,338,141
329,340,160
329,323,145
329,313,146
329,303,146
329,295,147
329,285,147
329,277,152
329,269,154
329,259,154
329,254,157
329,246,159
329,239,162
329,231,159
329,225,159
329,218,161
329,213,161
329,210,161
329,201,166
329,198,164
329,198,175
350,176,164
350,176,198
350,180,207
350,188,216
350,189,219
350,194,229
350,205,243
347,626,14
347,631,23
347,626,37
347,616,61
347,612,71
347,610,78
347,605,93
347,601,101
347,598,106
347,594,123
347,587,129
347,580,143
347,577,157
347,572,163
347,566,176
347,564,191
347,560,199
347,552,214
347,549,223
347,544,237
347,533,251
347,527,265
347,521,283
347,514,293
347,506,307
347,500,326
347,496,339
347,490,354
347,488,364
347,482,372
339,409,380
339,403,371
339,398,363
339,395,347
339,392,335
339,390,328
339,387,313
339,389,305
339,385,290
339,383,285
339,377,271
339,377,262
339,372,250
339,366,239
339,362,235
339,355,221
339,348,212
339,342,207
339,331,198
339,325,191
339,318,185
339,309,176
339,303,169
339,297,163
339,289,156
339,283,147
339,278,141
339,269,133
339,261,121
339,255,114
339,250,104
339,245,101
339,241,93
339,237,87
339,231,77
339,227,73
339,222,68
339,217,63
339,215,58
339,212,55
339,204,47
358,34,378
358,45,378
355,263,300
355,264,307
355,257,318
355,254,333
355,253,342
355,248,349
355,245,357
355,246,364
355,245,372
355,244,377
349,438,377
349,433,369
349,430,360
349,426,352
349,422,335
349,416,314
349,412,300
349,403,278
349,396,264
349,389,255
349,374,234
349,363,224
349,353,218
349,337,206
349,327,200
349,312,194
349,297,190
349,290,184
349,275,176
349,263,171
349,248,162
349,237,158
349,225,156
349,204,147
349,193,145
349,169,155
349,156,158
349,147,158
349,127,161
349,119,162
349,100,163
349,75,143
349,68,145
349,47,143
349,30,139
349,21,140
349,13,141
360,54,378
360,48,378
360,57,375
353,196,252
353,188,249
353,179,250
353,170,252
353,159,248
353,146,247
353,136,244
353,123,240
353,95,226
353,90,203
353,80,206
353,63,223
353,56,210
353,49,209
353,33,211
353,27,212
353,19,213
353,19,214
353,8,219
351,384,378
351,380,372
351,364,359
351,358,347
351,352,334
351,339,313
351,328,294
351,325,283
351,310,261
351,303,246
351,294,231
351,282,217
351,274,203
351,265,193
351,256,180
351,252,175
351,242,158
351,233,147
351,228,137
351,218,126
351,209,113
351,202,106
351,193,97
351,184,90
351,175,82
351,165,75
351,157,70
351,146,64
351,139,56
351,129,48
351,121,38
351,110,28
363,94,13
352,681,201
352,674,199
352,655,198
352,633,197
352,614,195
352,595,193
352,574,192
352,556,185
352,537,187
352,516,179
352,494,175
352,478,173
352,454,167
352,435,163
352,419,161
352,394,157
352,373,156
352,364,159
352,339,156
352,316,157
352,302,159
352,280,156
352,256,157
352,243,159
352,219,157
352,195,156
352,180,158
352,160,155
352,139,157
352,121,155
352,106,152
352,81,151
352,68,152
352,52,149
352,30,146
352,19,147
352,16,152
362,682,220
362,676,217
362,660,217
362,647,216
362,626,216
362,611,214
362,597,214
362,579,214
362,563,212
362,547,213
362,526,215
362,515,214
362,495,214
362,477,215
362,464,215
362,443,214
362,425,216
362,412,216
362,392,214
362,376,214
362,358,214
362,340,212
362,325,215
362,305,214
362,293,213
362,273,214
362,254,215
362,240,212
362,220,210
362,204,210
362,189,208
362,171,208
362,155,210
362,138,209
362,120,208
362,104,209
362,87,211
362,78,213
362,57,214
362,36,215
362,31,215
362,15,217
364,264,378
364,258,368
364,252,358
364,241,346
364,234,335
364,222,319
364,209,310
364,195,297
364,183,290
364,165,284
364,151,282
364,138,277
364,120,273
364,104,272
364,92,267
364,72,262
364,59,261
364,44,258
364,24,256
364,19,259
368,330,19
368,318,30
368,309,35
368,289,45
368,275,52
368,265,60
368,242,65
368,236,70
368,216,74
368,194,77
368,175,81
368,166,83
368,151,85
368,129,86
368,109,89
368,95,92
368,81,97
368,62,98
368,49,103
368,20,101
368,22,105
369,687,117
369,676,117
369,670,114
369,653,113
369,641,110
369,631,108
369,615,105
369,604,104
369,593,100
369,575,97
369,563,95
369,551,88
369,537,80
369,527,75
369,516,65
369,510,60
369,499,50
369,491,35
369,487,25
369,484,17
365,680,225
365,674,228
365,653,227
365,638,228
365,622,229
365,602,229
365,584,230
365,573,229
365,549,228
365,538,230
365,517,229
365,501,227
365,484,226
365,464,228
365,455,228
365,431,226
365,418,224
365,399,226
365,378,223
365,367,223
365,347,223
365,332,223
365,307,220
365,294,223
365,276,221
365,254,217
365,238,217
365,219,218
365,203,216
365,184,219
365,170,217
365,153,219
365,133,221
365,116,223
365,95,222
365,76,223
365,59,223
365,38,211
365,27,208
365,28,223
370,62,367
370,65,364
370,68,365
370,77,363
370,77,353
370,73,351
370,78,352
370,83,345
370,80,340
370,103,346
370,92,330
370,98,328
370,104,328
370,111,327
370,114,328
370,123,328
370,133,326
370,135,323
370,148,326
370,155,325
370,158,323
370,166,326
370,170,325
370,176,324
370,180,324
372,677,145
372,676,142
372,657,136
372,635,131
372,629,126
372,611,116
372,599,114
372,582,103
372,566,98
372,555,94
372,533,86
372,526,85
372,507,77
372,493,70
372,481,64
372,468,56
372,453,51
372,443,32
372,432,27
371,374,376
371,379,369
371,399,361
371,415,354
371,424,346
371,444,335
371,457,331
371,480,317
371,498,315
371,519,310
371,537,305
371,551,307
371,571,302
371,588,295
371,608,294
371,624,293
371,643,289
371,661,288
371,670,287
371,681,289
